For noise: 0.0 and parameter: 2
State    StDev                MRT
100      473.3583113337634    510.2999999996142
010      0.0                  0
001      473.3583113337634    434.6999999996714
110      0.0                  0
011      0.0                  0
101      0.0                  0
111      0.0                  0

For noise: 0.0001 and parameter: 2
State    StDev                MRT
100      445.76426533172014   562.2887999995814
010      0.0                  0
001      445.7310287831589    382.40409999971865
110      0.0                  0
011      0.0                  0
101      0.9432635106400741   0.3070999999999979
111      0.0                  0

For noise: 0.0002 and parameter: 2
State    StDev                MRT
100      391.60205805305475   645.050299999527
010      0.0                  0
001      392.3425772382451    285.7435999998038
110      0.0                  0
011      0.0                  0
101      52.91614505863894    14.206099999997397
111      0.0                  0

For noise: 0.0003 and parameter: 2
State    StDev                MRT
100      300.45504955449644   686.1546999995066
010      0.0                  0
001      291.24093016209645   190.70109999989177
110      11.625924150950539   1.6374000000000997
011      0.0                  0
101      122.06400729334592   66.5067999999814
111      0.0                  0

For noise: 0.0004 and parameter: 2
State    StDev                MRT
100      281.2995307059851    633.0538999995646
010      0.0                  0
001      224.87973250966527   196.899499999903
110      13.437860655250262   2.5500000000001024
011      0.0                  0
101      172.96535310328252   112.4965999999601
111      0.0                  0

For noise: 0.0005 and parameter: 2
State    StDev                MRT
100      277.4349383233575    558.7578999996285
010      0.0                  0
001      236.6247532841409    197.0608999999022
110      26.248210474064525   6.876199999999825
011      0.0                  0
101      196.0318536756294    182.30499999992432
111      0.0                  0         
