For noise: 0.0 and parameter: 4
State                         MRT            
100      473.3583113337634    510.2999999996142
010      319.4077971949599    122.84999999990713
001      446.58957668053387   311.84999999976424
110      0.0                  0         
011      0.0                  0         
101      0.0                  0         
111      0.0                  0         

For noise: 0.0001 and parameter: 4
State    StDev                MRT            
100      473.3583113337634    510.2999999996142
010      319.4077971949599    122.84999999990713
001      446.58957668053387   311.84999999976424
110      0.0                  0         
011      0.0                  0         
101      0.0                  0         
111      0.0                  0         

For noise: 0.0002 and parameter: 4
State    StDev                MRT            
100      473.3583113337634    510.2999999996142
010      319.4077971949599    122.84999999990713
001      446.58957668053387   311.84999999976424
110      0.0                  0         
011      0.0                  0         
101      0.0                  0         
111      0.0                  0         

For noise: 0.0003 and parameter: 4
State    StDev                MRT            
100      473.3583113337634    510.2999999996142
010      319.4077971949599    122.84999999990713
001      446.58957668053387   311.84999999976424
110      0.0                  0         
011      0.0                  0         
101      0.0                  0         
111      0.0                  0
         
For noise: 0.0004 and parameter: 4
State    StDev                MRT            
100      466.76111590067245   519.2559999996101
010      322.4766849953828    131.9382999999018
001      427.831502136107     293.0932999997813
110      0.48299999999999416  0.04829999999999941
011      3.530885635890551    0.5896000000000168
101      0.43915293808683664  0.07449999999999966
111      0.0                  0         

For noise: 0.0005 and parameter: 4
State    StDev                MRT            
100      433.9068023210841    566.0760999995838
010      314.84763855009163   133.97729999990344
001      371.2178708651913    242.36689999982744
110      11.087306100478166   1.2050000000001968
011      5.492140583772215    1.0066999999999793
101      0.997989266353882    0.36549999999999816
111      0.025000000000000005 0.0025000000000000005