For noise: 0.0 and parameter: 5
State    StDev                MRT            
100      453.0069987414992    330.74999999974995
010      426.44151256190884   264.5999999998
001      458.548574803398     349.64999999973566
110      0.0                  0         
011      0.0                  0         
101      0.0                  0         
111      0.0                  0         

For noise: 0.0001 and parameter: 5
State    StDev                MRT
100      451.5471185613024    342.9206999997428
010      406.5548180170074    245.42879999981747
001      454.66087567897523   356.50149999973235
110      0.10301024760241634  0.02300000000000001
011      0.8855920578512829   0.11879999999999835
101      0.0                  0         
111      0.0                  0         

For noise: 0.0002 and parameter: 5
State    StDev                MRT            
100      443.81140123834746   385.52549999971814
010      334.842005112596     214.70169999986143
001      411.870578811617     343.0497999997518
110      0.25808079542983636  0.11060000000000006
011      3.582727321553494    1.592299999999982
101      0.019008504210569342 0.0027    
111      0.0                  0         

For noise: 0.0003 and parameter: 5
State    StDev                MRT            
100      434.12511262128396   462.6755999996621
010      321.8520636591668    184.5409999998822
001      387.07426563377624   294.96009999979555
110      3.3155228178308276   0.5544000000000198
011      3.287261196150502    1.781299999999973
101      4.702572958960094    0.47569999999999213
111      0.0                  0         

For noise: 0.0004 and parameter: 5
State    StDev                MRT            
100      431.91755125403705   464.6454999996612
010      329.8615797410994    225.77379999985496
001      346.85198779931466   241.27169999984383
110      46.28609187999975    9.204299999997316
011      4.05655580013335     2.4456999999999662
101      13.433539769827718   1.6546000000002756
111      0.0                  0         

For noise: 0.0005 and parameter: 5
State    StDev                MRT            
100      387.1158597598247    501.063599999647
010      296.47170746275583   191.8744999998861
001      300.6995103953106    203.10289999987916
110      116.25618266702044   37.33759999998381
011      4.064294509331885    2.664799999999958
101      43.85829266390152    8.943599999998225
111      0.0                  0         