For noise: 0.0 and parameter: 3
State    StDev                MRT
100      470.2035100982942    406.3499999996928
010      474.7853821365694    463.0499999996499
001      257.66362850516      75.59999999994285
110      0.0                  0
011      0.0                  0
101      0.0                  0
111      0.0                  0

For noise: 0.0001 and parameter: 3
State    StDev                MRT
100      462.13479746138484   421.01149999968715
010      464.3844948232449    448.3723999996633
001      257.66362850516      75.59999999994285
110      0.08342292154068835  0.016100000000000007
011      0.0                  0
101      0.0                  0
111      0.0                  0

For noise: 0.0002 and parameter: 3
State    StDev                MRT
100      431.2500985099907    472.50929999965894
010      426.73031866418967   417.1553999996979
001      188.3231935020396    46.715499999968976
110      48.21327976025444    8.491099999996777
011      0.5426973038779181   0.12219999999999959
101      0.0                  0
111      0.0                  0

For noise: 0.0003 and parameter: 3
State    StDev                MRT
100      394.07155793522116   522.5359999996334
010      378.34852356783057   325.40629999977904
001      231.0277717496975    82.49069999994555
110      48.670912558652205   14.059999999998272
011      1.2317053137004559   0.2809999999999971
101      0.8012086828881373   0.22599999999999887
111      0.0                  0

For noise: 0.0004 and parameter: 3
State    StDev                MRT
100      319.32431015155356   556.4618999996192
010      287.15351851683204   241.73849999986302
001      168.93946971393603   67.0848999999671
110      133.68766184002934   77.44509999997516
011      7.552886538311391    1.506699999999993
101      2.0010034326241475   0.7628999999999917
111      0.0                  0

For noise: 0.0005 and parameter: 3
State    StDev                MRT
100      291.5936798864418    527.2757999996529
010      248.74720452398634   222.76699999988438
001      202.4247683772492    111.30829999994408
110      124.2671847066801    71.73009999997727
011      40.209908906907884   8.858799999998316
101      8.258315294601516    3.058899999999975
111      0.0                  0         
