For noise: 0.0 and parameter: 0
State    StDev                MRT
100      0.0                  0
010      465.28583590152596   566.9999999995714
001      465.285835901526     377.99999999971425
110      0.0                  0
011      0.0                  0
101      0.0                  0
111      0.0                  0

For noise: 0.0001 and parameter: 0
State    StDev                MRT            
100      0.0                  0
010      462.6734494215943    562.4999999995755
001      463.1225971216312    381.39079999971403
110      0.0                  0
011      0.0                  0
101      0.0                  0
111      0.0                  0

For noise: 0.0002 and parameter: 0
State    StDev                MRT
100      0.0                  0
010      451.3227038278021    520.4445999996137
001      451.3451363242203    421.43699999968976
011      0.0                  0
101      0.0                  0
111      0.0                  0
110      0.0                  0

For noise: 0.0003 and parameter: 0
State    StDev                MRT
100      0.0                  0
010      417.4731040229553    426.7209999996989
001      418.9709658930401    512.2029999996306
110      0.0                  0
011      0.0                  0
101      0.0                  0
111      0.0                  0

For noise: 0.0004 and parameter: 0
State    StDev                MRT
100      0.0                  0
010      373.9973178625534    342.4902999997716
001      376.96426788772646   594.3672999995755
110      0.0                  0
011      0.0                  0
101      0.0                  0
111      0.0                  0

For noise: 0.0005 and parameter: 0
State    StDev                MRT
100      0.0                  0
010      362.1339285424352    314.76319999979756
001      364.066971331512     622.5587999995516
110      0.0                  0
011      0.0                  0
101      0.0                  0
111      0.0                  0
