For noise: 0.0 and parameter: 1
State    StDev                MRT
100      0.0                  0
010      472.4999999996428    519.7499999996071
001      472.4999999996428    425.2499999996785
110      0.0                  0
011      0.0                  0
101      0.0                  0
111      0.0                  0

For noise: 0.0001 and parameter: 1
State    StDev                MRT
100      0.0                  0
010      439.63546923196844   567.0035999995825
001      438.9210811241297    376.4696999997229
110      0.0                  0
011      3.99880867486571     1.5266999999999733
101      0.0                  0
111      0.0                  0

For noise: 0.0002 and parameter: 1
State    StDev                MRT
100      0.0                  0
010      379.9072407769118    667.7809999995084
001      378.94586470810003   273.8838999998138
110      0.0                  0
011      5.821417178805872    3.335099999999952
101      0.0                  0
111      0.0                  0

For noise: 0.0003 and parameter: 1
State    StDev                MRT
100      0.0                  0
010      370.21136172097795   684.9185999994968
001      368.7841549115768    256.35969999982814
110      0.0                  0
011      6.1355356808439065   3.7216999999999585
101      0.0                  0
111      0.0                  0

For noise: 0.0004 and parameter: 1
State    StDev                MRT
100      0.0                  0
010      290.6451006943536    775.4390999994289
001      285.4013558160644    163.08749999990698
110      0.0                  0
011      19.095529606413336   6.4733999999996925
101      0.0                  0
111      0.0                  0

For noise: 0.0005 and parameter: 1
State    StDev                MRT
100      0.0                  0
010      278.4730961011976    785.3210999994214
001      275.95544642663793   154.63929999991265
110      0.0                  0
011      6.935460908995375    5.039599999999968
101      0.0                  0
111      0.0                  0
